a = [0.04, 0.04, 0.04, 0.04, 0.04, 0.05, 0.05, 0.04, 0.04, 0.04, 0.05, 0.04, 0.05, 0.05, 0.05, 0.05, 0.05, 0.05, 0.05, 0.05, 0.05, 0.05, 0.05, 0.05, 0.05, 0.05, 0.06, 0.05, 0.05, 0.06, 0.06, 0.06, 0.05, 0.06, 0.06, 0.05, 0.05, 0.05, 0.05, 0.06, 0.06, 0.06, 0.06, 0.06, 0.06, 0.05, 0.06, 0.06, 0.06, 0.05, 0.17, 0.43, 0.76, 1.06, 1.32, 1.53, 1.68, 1.82, 1.92, 1.98, 2.02, 2.04, 2.15, 2.15, 2.17, 2.22, 2.22, 2.26, 2.26, 2.29, 2.31, 2.31, 2.31, 2.33, 2.33, 2.33, 2.33, 2.31, 2.31, 2.38, 2.35, 2.38, 2.38, 2.38, 2.40, 2.38, 2.40, 2.40, 2.40, 2.40, 2.40, 2.40, 2.40, 2.40, 2.40, 2.35, 2.43, 2.40, 2.40, 2.43, 2.93, 3.68, 4.26, 4.73, 4.99, 5.18, 5.30, 5.38, 5.42, 5.46, 5.46, 5.51, 5.46, 5.59, 5.59, 5.59, 5.63, 5.63, 5.67, 5.67, 5.71, 5.71, 5.67, 5.71, 5.71, 5.67, 5.67, 5.63, 5.63, 5.59, 5.71, 5.71, 5.71, 5.76, 5.76, 5.80, 5.76, 5.76, 5.76, 5.76, 5.80, 5.76, 5.76, 5.71, 5.71, 5.71, 5.67, 5.76, 5.76, 5.76, 6.52, 7.45, 8.21, 8.61, 8.97, 9.09, 9.21, 9.21, 9.21, 9.21, 9.27, 9.21, 9.21, 9.27, 9.34, 9.40, 9.34, 9.40, 9.46, 9.46, 9.52, 9.52, 9.52, 9.52, 9.52, 9.46, 9.46, 9.40, 9.34, 9.27, 9.34, 9.40, 9.46, 9.46, 9.52, 9.52, 9.59, 9.59, 9.59, 9.52, 9.52, 9.52, 9.52, 9.46, 9.46, 9.46, 9.40, 9.40, 9.46, 9.46, 10.31, 11.60, 12.45, 12.61, 13.10, 13.02, 13.27, 13.19, 13.19, 13.36, 13.19, 13.44, 13.19, 13.44, 13.36, 13.36, 13.44, 13.27, 13.44, 13.19, 13.53, 13.44, 13.36, 13.53, 13.27, 13.53, 13.10, 13.53, 13.44, 13.53, 13.53, 13.36, 13.53, 13.10, 13.53, 13.36, 13.44, 13.53, 13.44, 13.53, 13.27, 13.53, 13.36, 13.44, 13.44, 13.36, 13.61, 13.27, 13.61, 13.36, 14.69, 15.94, 16.55, 17.08, 16.87, 17.40, 17.18, 17.51, 17.40, 17.29, 17.51, 17.18, 17.62, 17.29, 17.62, 17.62, 17.40, 17.51, 17.18, 17.62, 17.18, 17.62, 17.62, 17.51, 17.62, 17.29, 17.62, 17.18, 17.62, 17.51, 17.51, 17.62, 17.40, 17.73, 17.08, 17.62, 17.40, 17.51, 17.51, 17.40, 17.73, 17.18, 17.73, 17.40, 17.51, 17.51, 17.40, 17.73, 17.29, 17.73, 18.99, 20.46, 20.97, 21.10, 21.50, 21.10, 21.63, 21.37, 21.77, 21.90, 21.50, 21.77, 21.23, 21.77, 21.37, 21.90, 21.90, 21.50, 21.90, 21.37, 21.90, 21.37, 21.77, 21.77, 21.63, 21.90, 21.50, 21.90, 21.37, 21.90, 21.63, 21.63, 21.77, 21.37, 21.90, 21.50, 21.90, 21.63, 21.63, 21.77, 21.50, 21.90, 21.10, 21.90, 21.63, 21.77, 21.77, 21.50, 21.90, 21.23, 23.31, 24.34, 25.42, 25.90, 25.42, 25.90, 25.27, 26.06, 25.74, 26.06, 26.23, 25.74, 26.06, 25.42, 26.23, 25.58, 26.06, 26.06, 25.74, 26.23, 25.58, 26.23, 25.58, 26.06, 26.06, 25.90, 26.23, 25.58, 26.23, 25.74, 26.06, 25.90, 25.90, 26.06, 25.74, 26.23, 25.58, 26.23, 25.90, 25.90, 26.23, 25.58, 26.23, 25.58, 26.23, 25.90, 26.06, 26.06, 25.74, 26.23, 27.23, 29.34, 29.53, 30.09, 30.28, 29.90, 30.47, 29.53, 30.47, 29.90, 30.47, 30.66, 29.90, 30.47, 29.71, 30.47, 29.90, 30.28, 30.47, 30.09, 30.47, 29.71, 30.66, 29.90, 30.47, 30.28, 30.09, 30.47, 29.71, 30.66, 30.09, 30.47, 30.28, 30.09, 30.47, 29.90, 30.66, 29.90, 30.66, 30.28, 30.28, 30.47, 29.90, 30.47, 29.90, 30.47, 30.28, 30.47, 30.85, 29.90, 32.04, 32.85, 34.34, 34.12, 34.55, 35.00, 34.12, 35.00, 33.91, 34.77, 34.34, 34.77, 35.00, 34.34, 35.00, 33.91, 35.00, 34.34, 34.77, 34.77, 34.34, 35.00, 34.12, 35.00, 34.34, 34.77, 34.77, 34.34, 34.77, 33.91, 35.00, 34.34, 35.00, 34.77, 34.55, 34.77, 33.91, 35.00, 34.34, 34.77, 34.77, 34.77, 35.22, 34.12, 35.00, 34.12, 35.00, 34.55, 34.77, 35.22, 35.89, 38.25, 38.01, 39.00, 38.75, 39.00, 39.50, 38.50, 39.50, 38.50, 39.25, 38.75, 39.00, 39.50, 38.75, 39.50, 38.50, 39.50, 38.75, 39.25, 39.25, 38.75, 39.50, 38.25, 39.50, 38.75, 39.25, 39.25, 38.75, 39.25, 38.25, 39.50, 38.75, 39.25, 39.25, 38.75, 39.75, 38.25, 39.50, 38.75, 39.25, 39.25, 39.00, 39.75, 38.25, 39.50, 38.50, 39.25, 39.00, 39.25, 41.32, 41.58, 43.51, 42.67, 43.51, 43.23, 43.23, 44.08, 42.95, 44.08, 42.95, 43.79, 43.23, 43.51, 43.79, 42.95, 44.08, 43.23, 44.08, 43.51, 43.51, 43.79, 42.95, 43.79, 42.95, 44.08, 43.51, 43.79, 43.79, 43.23, 44.37, 42.40, 44.08, 43.23, 43.79, 43.79, 43.51, 44.37, 42.67, 43.79, 43.23, 43.79, 43.79, 43.51, 44.37, 42.67, 44.08, 42.95, 43.79, 43.51, 45.54, 47.68, 46.75, 48.31, 47.36, 48.31, 47.68, 47.99, 48.63, 47.05, 48.63, 47.68, 48.31, 47.68, 47.99, 48.31, 47.36, 48.31, 47.68, 48.63, 47.68, 47.99, 48.31, 47.36, 48.95, 47.36, 48.63, 47.68, 48.31, 48.31, 47.36, 48.95, 47.36, 48.63, 47.68, 48.31, 48.31, 47.68, 48.95, 46.75, 48.31, 47.68, 48.31, 48.31, 47.99, 48.95, 47.05, 48.31, 47.68, 48.63, 50.26, 51.61, 53.01, 51.61, 53.01, 51.96, 52.65, 52.30, 52.30, 53.01, 51.61, 53.36, 52.30, 52.65, 52.30, 52.30, 53.01, 51.61, 53.72, 52.30, 53.01, 52.30, 52.30, 52.65, 51.61, 53.36, 51.96, 53.01, 52.30, 52.30, 52.65, 51.96, 53.36, 51.96, 53.01, 52.30, 52.65, 52.65, 51.96, 53.36, 51.96, 53.01, 52.30, 53.01, 52.65, 52.30, 53.36, 51.61, 53.01, 51.96, 54.81, 55.93, 56.31, 57.47, 55.93, 57.47, 56.69, 57.08, 56.69, 56.69, 57.86, 56.31, 58.25, 56.69, 57.47, 56.69, 56.69, 57.47, 55.93, 58.25, 56.69, 57.47, 57.08, 56.69, 57.47, 55.93, 58.25, 56.69, 57.86, 57.08, 57.08, 57.47, 56.31, 57.86, 56.31, 57.47, 57.08, 57.47, 57.47, 56.31, 57.86, 56.31, 57.47, 56.69, 57.08, 57.47, 56.69, 57.86, 56.31, 57.47, 59.05, 61.10, 61.52, 61.10, 62.37, 61.10, 62.81, 61.10, 61.52, 61.52, 61.10, 61.95, 60.68, 62.81, 61.52, 61.95, 61.52, 61.10, 61.95, 60.68, 62.81, 61.52, 61.95, 61.52, 61.10, 61.95, 60.27, 62.81, 61.10, 61.52, 61.52, 61.52, 61.95, 60.68, 62.81, 61.10, 62.37, 61.52, 61.52, 61.95, 60.68, 62.37, 61.10, 61.95, 61.52, 61.95, 61.52, 60.68, 62.37, 61.10, 65.02, 65.02, 65.93, 65.93, 65.47, 66.85, 65.47, 67.32, 65.93, 65.93, 66.39, 65.47, 66.85, 65.93, 67.32, 65.93, 66.39, 65.93, 65.47, 66.85, 65.02, 67.79, 65.93, 66.39, 65.93, 65.47, 66.39, 65.02, 67.32, 65.47, 66.85, 66.39, 65.93, 66.39, 64.57, 67.32, 65.93, 66.39, 66.39, 66.39, 66.39, 65.02, 66.85, 65.47, 66.39, 65.93, 65.93, 66.39, 65.47, 66.85, 68.27, 71.22, 70.22, 70.72, 70.72, 69.24, 71.72, 70.22, 72.24, 70.22, 70.72, 70.72, 70.22, 71.72, 70.22, 72.24, 70.22, 70.72, 70.72, 69.73, 71.22, 70.72, 72.24, 70.72, 70.72, 70.72, 70.22, 70.72, 69.24, 72.24, 70.72, 71.22, 70.72, 70.22, 70.72, 69.24, 71.72, 70.72, 71.22, 70.72, 70.22, 70.72, 69.24, 71.72, 70.22, 71.72, 70.72, 70.72, 71.22, 69.73, 73.79, 73.79, 76.49, 74.86, 74.86, 75.94, 74.32, 75.94, 74.86, 76.49, 74.86, 75.40, 75.40, 74.32, 75.94, 75.40, 76.49, 74.86, 75.40, 75.40, 74.32, 75.94, 74.86, 77.04, 74.86, 75.40, 75.40, 74.32, 75.40, 74.86, 76.49, 75.40, 75.94, 75.40, 74.86, 75.40, 73.79, 76.49, 75.40, 77.04, 75.40, 74.86, 75.40, 73.79, 75.94, 74.86, 76.49, 75.40, 74.86, 75.94, 76.49, 79.88, 79.30, 81.64, 79.88, 79.88, 80.46, 78.16, 80.46, 79.30, 81.05, 79.88, 79.30, 79.88, 78.73, 80.46, 79.30, 81.05, 79.30, 79.88, 79.88, 78.73, 80.46, 79.88, 81.64, 79.88, 79.88, 79.88, 79.30, 80.46, 79.88, 81.64, 79.88, 81.05, 80.46, 78.73, 80.46, 79.30, 81.05, 79.88, 81.64, 79.88, 79.30, 80.46, 78.16, 81.05, 79.88, 81.64, 79.88, 79.30, 82.85, 82.24, 85.32, 84.07, 85.96, 84.70, 84.07, 85.32, 82.85, 85.32, 84.07, 85.32, 84.70, 84.70, 85.32, 82.85, 85.32, 84.07, 85.32, 84.07, 84.07, 84.70, 83.46, 85.32, 84.07, 85.32, 84.07, 85.32, 84.70, 83.46, 84.70, 84.70, 85.32, 84.70, 85.32, 84.70, 83.46, 85.32, 84.70, 85.32, 84.70, 85.96, 84.70, 83.46, 85.32, 84.07, 85.32, 84.70, 85.96, 84.70, 86.60, 88.55, 87.89, 89.88, 89.21, 90.56, 89.21, 88.55, 89.21, 87.24, 89.21, 88.55, 90.56, 89.21, 89.21, 89.21, 87.24, 89.21, 88.55, 89.88, 89.21, 89.88, 89.88, 87.24, 89.21, 88.55, 89.88, 89.21, 89.88, 89.21, 87.89, 89.88, 89.21, 89.88, 88.55, 90.56, 89.21, 87.89, 89.88, 89.21, 90.56, 89.21, 90.56, 88.55, 87.89, 89.21, 89.21, 89.88, 89.21, 90.56, 91.93, 91.93, 94.04, 93.33, 94.75, 94.04, 94.75, 94.04, 93.33, 93.33, 93.33, 94.04, 94.04, 94.75, 94.04, 94.75, 94.04, 91.93, 94.04, 93.33, 94.75, 94.04, 94.75, 94.04, 92.63, 94.04, 93.33, 94.04, 94.04, 95.48, 94.04, 91.93, 94.04, 93.33, 94.04, 93.33, 94.75, 94.04, 92.63, 94.75, 93.33, 94.75, 93.33, 94.75, 94.04, 92.63, 94.04, 93.33, 94.75, 94.04, 96.94, 97.69, 96.94, 98.44, 98.44, 99.20, 98.44, 99.20, 97.69, 98.44, 98.44, 98.44, 99.20, 98.44, 99.20, 98.44, 99.20, 98.44, 97.69, 98.44, 